IRIS = 1.967586526
Abalone = 0.716123385
cancer = 2.803106661
card = 0.405820095
dermatology = 6.825078281
diabetes = 0.504218537
heart = 0.453035414
